(132, 2)
0.2053350806236267
0.20810385048389435
-0.07731124013662338
0.19934089481830597
-0.4705217778682709
0.4685302972793579
-0.40601158142089844
0.5061010122299194
-0.2392732799053192
0.3840334415435791
-0.10765250027179718
0.2375110685825348
-0.13611479103565216
0.35557612776756287
-0.2473778873682022
0.31199339032173157
-0.023452676832675934
0.08886124193668365
-0.3304470479488373
0.2936630845069885
-0.2533893287181854
0.3475208282470703
-0.004849714692682028
-0.13699813187122345
0.2698920667171478
0.14590638875961304
0.03750460594892502
0.30134499073028564
-0.24787533283233643
0.3760116994380951
0.036322060972452164
0.028971806168556213
0.17284300923347473
-0.07605541497468948
0.17213673889636993
0.015550420619547367
0.17821337282657623
-0.2665390074253082
0.06625039130449295
0.13222913444042206
-0.10628857463598251
0.003152980701997876
0.10258014500141144
0.07018095999956131
0.14146199822425842
-0.00954868271946907
-4.0169921703636646e-05
-0.028140271082520485
-0.15779376029968262
0.07929972559213638
-0.10866118222475052
0.11361970752477646
0.049063775688409805
-0.004069756716489792
0.008563044480979443
-0.09372179955244064
-0.12951305508613586
0.0010072505101561546
0.01802028901875019
0.07992357760667801
0.17951427400112152
0.2270197719335556
-0.20427849888801575
0.22922471165657043
-0.07406971603631973
-0.14308544993400574
0.194276362657547
0.006704774685204029
0.12108676135540009
-0.31303873658180237
0.016661765053868294
-0.10974643379449844
0.10045348852872849
-0.0947476252913475
-0.21952129900455475
0.025847362354397774
-0.09712671488523483
0.2720121443271637
0.14833252131938934
-0.021646108478307724
-0.15031003952026367
0.10375480353832245
-0.15855731070041656
-0.1523621380329132
0.1421349048614502
0.041726745665073395
0.30467256903648376
-0.15323293209075928
0.1992606818675995
-0.17411763966083527
-0.030946528539061546
-0.012136333622038364
-0.12291684001684189
-0.059477031230926514
-0.05749636888504028
0.003979617729783058
-0.1499047875404358
-0.06131956726312637
-0.12976406514644623
-0.22049817442893982
0.12085041403770447
-0.24018889665603638
0.07388319075107574
-0.20243217051029205
-0.055788829922676086
0.15394608676433563
-0.1530996412038803
0.027777565643191338
-0.0060007283464074135
-0.1415036916732788
0.03918775916099548
0.003782921703532338
-0.03480042517185211
0.22969681024551392
0.1880340874195099
0.23952990770339966
0.1428852081298828
-0.21723271906375885
0.09268008172512054
0.12171801924705505
0.0848836898803711
-0.20422163605690002
0.14305590093135834
-0.23619242012500763
0.3385184109210968
-0.31631115078926086
0.06618524342775345
0.0837651863694191
0.04460659623146057
-0.005523534491658211
-0.209821879863739
0.044343914836645126
0.13429172337055206
-0.09005042910575867
0.1232442855834961
0.1476117968559265
-0.09221040457487106
-0.06684523075819016
0.3803656995296478
-0.378180593252182
-0.10117728263139725
-0.0793321505188942
0.06811646372079849
-0.020630687475204468
0.13149869441986084
-0.2335391789674759
0.11359355598688126
-0.3478386700153351
-0.09408719837665558
0.07859472185373306
-0.08507978916168213
0.03926827386021614
0.15131543576717377
-0.22162415087223053
0.3298647999763489
-0.19509156048297882
-0.10981618613004684
-0.016593653708696365
0.06462977826595306
-0.11724458634853363
0.2671143412590027
-0.5096226930618286
0.12069610506296158
0.15198010206222534
-0.23182334005832672
-0.04669717326760292
-0.023590760305523872
0.0169052854180336
0.0627991333603859
-0.08446891605854034
0.004564458969980478
0.16479746997356415
-0.04007069021463394
-0.2175798863172531
-0.19985687732696533
0.0810399055480957
0.03940678387880325
-0.24656648933887482
-0.09185865521430969
0.012585247866809368
-0.25761884450912476
0.04412739723920822
0.07555758953094482
-0.0007515980396419764
-0.006308416370302439
-0.019773023203015327
-0.028063341975212097
-0.26191145181655884
0.3189558684825897
-0.03234546259045601
0.06973865628242493
-0.1972055286169052
-0.023786073550581932
0.06992194056510925
-0.32155656814575195
0.3256869912147522
-0.05138576403260231
0.16251499950885773
0.05617254972457886
0.046978555619716644
0.06612402945756912
0.0432404987514019
-0.05029623955488205
0.07056315988302231
0.05480530112981796
0.1885153353214264
-0.08890312165021896
-0.046596869826316833
0.28713351488113403
-0.13516706228256226
0.06083206832408905
0.06145244464278221
0.14287768304347992
-0.059719543904066086
-0.1341804713010788
0.13058951497077942
-0.24348635971546173
0.286441832780838
0.02985941804945469
-0.1273922175168991
0.16002407670021057
-0.13489824533462524
-0.10833193361759186
-0.2192014455795288
0.17046844959259033
-0.10520552843809128
-0.033118899911642075
0.14845219254493713
-0.04350142553448677
-0.1834287792444229
-0.002825534902513027
-0.03266817703843117
-0.033585041761398315
-0.006615926045924425
0.09539372473955154
-0.11603190004825592
-0.0607386976480484
-0.1264980286359787
-0.007204018067568541
-0.0681011825799942
-0.12150974571704865
-0.05803623050451279
-0.04420587792992592
0.30064624547958374
-0.20736069977283478
0.23650552332401276
0.03877759352326393
-0.09274669736623764
-0.03310990333557129
-0.017056144773960114
-0.26602068543434143
0.015225064009428024
-0.2584112584590912
0.09898561239242554
-0.14786261320114136
0.2670438587665558
0.20716248452663422
-0.1320132464170456
0.0069204652681946754
-0.2392764538526535
-0.06313338875770569
-0.024984760209918022
-0.07355985790491104
0.048149801790714264