(1, 6, 7)
-0.3815736174583435
0.42386552691459656
-0.15958485007286072
-0.26046550273895264
-0.5869383215904236
-0.18163809180259705
-0.5389107465744019
0.07638747990131378
-0.10406915843486786
0.12081637978553772
-0.1477055698633194
-0.42060306668281555
-0.2538091242313385
-0.03872812166810036
0.2566021680831909
0.22761090099811554
-0.059969957917928696
-0.04502725228667259
-0.18595294654369354
-0.18912504613399506
-0.2747724652290344
-0.07795962691307068
0.26474687457084656
0.10197915136814117
-0.14414425194263458
0.2619806230068207
-0.08203837275505066
0.1483689695596695
0.30292847752571106
0.1315784901380539
0.3246566355228424
-0.16994257271289825
0.15818797051906586
-0.08858577907085419
-0.09396155178546906
-0.00047097186325117946
0.038049131631851196
0.13911652565002441
-0.12848754227161407
0.2663049101829529
0.18173030018806458
-0.20661687850952148