(1, 6, 7)
0.5671331882476807
0.29777780175209045
0.3414004445075989
0.541209876537323
0.4254515767097473
-0.20810528099536896
0.1891695111989975
0.05034995079040527
0.0535971075296402
0.1030249297618866
-0.004537658765912056
0.22120365500450134
0.04827352240681648
-0.09567837417125702
0.10771400481462479
0.09713862836360931
0.3010764718055725
-0.06892471760511398
-0.000533658021595329
-0.28234776854515076
-0.6693669557571411
0.1015157550573349
0.160112664103508
-0.2145281285047531
0.4751487076282501
-0.36281055212020874
-0.07016214728355408
-0.1343478560447693
0.3262045979499817
0.3160979151725769
0.023052671924233437
0.12069805711507797
-0.17635206878185272
-0.4439139664173126
-0.09536254405975342
0.03380737081170082
0.2901233732700348
0.2999514043331146
-0.03702150285243988
-0.03436160460114479
-0.1994011551141739
-0.2893390357494354